41
104
59
45
156
79
120
137
133
121
186
155
110
162
126
29
21
71
12
66
52
86
101
182
181
168
14
150
72
187
69
20
150
11
39
119
174
120
65
160
17
139
54
72
185
102
181
25
142
65
164
84
160
178
30
100
166
11
57
197
110
95
55
101
38
145
69
88
29
184
135
115
160
86
166
11
39
89
84
200
77
30
135
140
164
54
32
94
100
32
94
168
199
188
104
181
187
77
186
75
46
82
134
67
180
57
27
170
12
158
140
59
75
25
195
108
88
40
173
171
194
31
92
21
67
79
71
80
172
119
147
164
46
10
47
150
160
14
40
116
195
103
39
150
129
100
189
199
124
50
177
34
69
184
141
99
10
51
82
18
60
67
132
129
184
195
91
88
165
125
128
178
119
95
129
171
107
164
38
136
190
154
98
29
180
46
102
159
12
183
167
47
13
40
97
114
126
87
64
147
60
36
121
132
56
146
146
95
196
142
100
63
138
12
129
31
32
45
148
119
196
197
162
21
139
180
49
35
150
146
102
34
200
73
94
129
96
143
86
17
14
156
97
116
175
113
117
196
10
139
93
132
133
134
155
88
186
185
177
94
170
97
165
99
116
96
114
109
27
112
84
114
97
182
124
35
90
144
71
155
177
192
39
47
153
20
86
28
80
147
48
30
58
26
14
175
116
29
85
168
