75.9588172528683
63.2619505780847
110.7035435356380
123.1780090300870
138.4853331849530
140.2764930639920
125.3610575454820
12.3092483138076
128.9332177412320
13.7019694109560
138.1899594294520
74.3508221729295
12.4673801864142
117.4711715166640
98.6095459488374
88.3901394888724
84.9578959811955
89.2060073439662
121.6036360658600
18.8322710816336
123.6914346077120
117.5292595827680
147.5199200267280
123.6571347128540
138.4756255755350
58.6850501990842
60.5617428025489
48.8641211506390
126.5249639802460
47.1437734923627
124.2494756900790
29.4580322122379
73.4235767840128
110.8672847674860
7.9295300833817
135.7683538712980
21.0322520586757
30.0476383701957
8.5251107341126
59.6836383235503
8.2863243034939
40.4430879636035
26.2469968870691
127.5300851052970
91.5432806719832
129.9882700349330
110.8836665354630
76.1178730959445
28.7998738099205
103.2673203080030
123.8803822065080
65.1078893962972
72.7882124917971
34.3282519643182
98.7255319772202
132.6628884794800
147.8548195729600
83.7733579525961
147.1361929053870
132.5783230045020
27.3409466690836
71.9324680664869
128.9675582968090
65.6960487922752
29.0349717883788
43.0178274733752
7.4655830187870
23.5597297594286
99.6834121575273
131.6568702580650
115.4310316751090
42.9027484792131
10.9078219216223
57.5666788360684
83.9790166580066
68.2116133188523
74.2448375232365
142.1689558914740
20.0398747218497
23.6038708422611
92.1940554167515
63.7397788681092
12.7331707075308
52.1540975139512
125.4109505926090
57.1475679053393
69.3302164900758
102.5594843432630
54.5400742170841
139.9223012635600
9.9616528613915
52.2295166904398
23.5981618894502
101.0511886455540
134.2367057929260
29.3573055765771
89.8653072525715
140.9534943158650
93.3375929577737
44.7770491733754
106.4976720805620
137.7601276350580
23.3479292041155
66.9507228428496
97.4766654495002
94.8702875015861
57.8343997099152
109.4449004633760
119.6101345860770
145.4878003273600
97.1777606473347
139.8952068186590
23.5653118379677
148.8845437100110
47.3013804930764
126.4155707173440
76.4136029744739
43.8060900988510
20.2694402753675
13.5351981224714
150.8276876512470
39.6489378196607
80.9059704128663
118.8782499852340
146.1457292231430
89.4527622928860
93.8186451073981
48.6785814775641
9.4960078112014
103.4959698587480
114.9636124964030
10.9683969444053
27.0294759996623
125.4628848323220
88.0809708107563
151.8870864872190
48.1924269514805
61.6156785075549
62.7960176302196
17.9348277100570
68.5763147638881
116.4685562654380
106.1094433097590
88.6861056593530
5.5421742791219
6.2106367139805
145.5843069059450
12.3384639375813
44.2231840718288
85.9259106431947
66.3785823710033
30.8974077857918
146.8404508757840
149.2314058901660
115.6883420347670
25.8642738811161
118.2461077417190
121.6444562098110
31.7216866981142
147.2427199942270
113.2775985533350
113.3376065238160
143.5158569282260
36.4236644216832
125.6903265869380
97.4925152197845
31.4976406036859
73.1268967907128
38.7599417504099
86.4426405020805
65.9586262920887
70.7106385697308
72.7064199246080
152.0968393468010
54.4234649046981
76.6623360789689
76.4077301237555
53.7793511989973
131.4457345315480
17.2956392421632
41.2783182474902
118.2490689496280
52.4392557291312
21.2427389932568
14.9772174783034
122.2296808419180
92.2807474451267
123.9421862962030
128.7968159181860
142.1350973426830
76.3172742692779
113.5417462645330
59.7539626983171
92.0013878238943
59.4526595282897
87.9652034474580
112.4166129426770
98.4206735437582
117.5157377017580
109.1100848551040
18.7410529811826
61.1911754241575
32.3246302561807
139.3765922123490
142.9549630472880
57.4583368719853
54.3355101019511
70.3134275443104
51.1813470171655
33.2034696669680
121.4316915443760
35.4463370522944
6.7222216956900
62.7509271642673
40.3408872353943
111.2538911858580
20.7421302696426
47.3127815429031
44.6601070061746
57.1128883042304
92.2591796523046
124.8497176609850
122.0461645480210
52.5444669248239
37.6681087756589
87.4472636521921
135.7505849878970
77.6731639910017
51.5999270972003
21.6012789131346
69.1530604845323
143.3928327681980
80.2108804598166
125.9229365040210
16.5735022269226
5.9275564258480
16.6162386111463
44.9999337710144
21.0058094730262
57.9239074083399
139.2278348226280
35.3518124226368
13.1968467198297
101.1716487593600
117.9459826213330
39.0761871265799
113.7561409520070
141.4401866637200
109.6992031052670
72.9791138308524
114.0874833299590
69.4926427409521
103.9772115759570
50.1278129189808
23.3337514284798
44.1691245586322
110.7991457151850
59.9599916313740
135.3715183139820
79.8612048960985
106.9898230488870
108.5853861338770
50.3167630783140
54.6020286795595
144.6848239170440
45.9040437436129
115.6651559750580
21.8229251914298
63.2527871571519
65.7598358725200
87.7415402808595
60.0830264705615
151.8362507381170
62.7467586943052
105.1928349227830
59.2269701363014
54.4108632067262
138.9704046006570
117.7669801812800
65.7588778554627
135.6581111017190
70.0146141283039
150.1663335832510
42.4714327597516
57.9039473121482
61.0076420271153
31.2904827683221
62.4175108718957
7.1738067286874
31.1545074275307
47.6079341737920
150.8732363238910
84.1944530819939
44.4391208073788
27.2249753111849
36.5456483716126
91.9872256652904
45.9980734241584
99.4044566471861
154.4853008950480
142.1507748800030
85.2423298459790
18.0794718501330
87.9435012367377
152.7505503717850
56.7049368708771
50.5986601313525
10.0469384078484
5.1562901411056
24.7426408985054
82.4651900230180
84.7484650571698
126.0948803329690
80.5865318654094
54.4229194831189
102.4305581486340
24.5664584907031
102.4154000204600
45.4111917937126
130.0343818543970
140.1395132262940
105.2427472201570
63.8481631966967
96.6420826205601
102.2189273532030
43.4410276976462
6.5280472697054
50.4004206730005
85.4162507501245
90.8319032405322
143.7903567456750
50.4775384249481
143.1700089043720
80.5764042134715
34.8885553499283
14.6186896794717
105.5707195045560
32.6046391789275
61.7536253367333
6.4890301450137
36.7598765679766
58.6013364513314
147.3211693460110
62.6701176916126
36.3971509340913
73.8741886590001
31.7791171643265
95.6787605918070
79.6119112451489
6.5624648990857
111.4977922310160
96.3766295737047
24.7823082119071
146.5845017208560
29.8368733695875
8.4378374393844
141.5572231663670
14.6160454396340
12.0596913003363
89.1874682899797
126.1186393397960
90.5651919062315
123.2403825380910
88.4707576919577
10.9488526957272
38.1809870765073
86.2509414080794
151.4411328478380
41.9903387753683
37.4190263404381
32.9042818101209
5.9177090136915
146.8605399759710
105.1557704407500
52.8534334156922
81.3488118917117
68.3970490217963
154.8525196709590
73.2362069636988
147.9878835164150
41.5069119676479
123.6599229789540
95.5888001686431
25.9607985946696
120.5739030837440
79.6517635041265
83.6587039514332
27.8983663243992
31.1920800951033
56.6830935242168
21.4414915380418
90.8517135168459
144.9754757231430
57.3458582296818
82.8022396312073
13.6493943693745
100.3561847706930
149.8309322581020
11.6695820406790
38.3302009575623
80.7188749953746
152.4419553044690
131.7296669466110
41.7071749952399
104.4578922849190
147.0245715666670
32.3179703497042
80.3282865328709
36.8222580897793
91.8486511520720
55.3910493385535
30.9236023347414
91.2216114652190
75.2923190679212
59.5031804996780
135.2656665151060
35.1341749063156
44.7401281724490
37.0869694178640
74.8269928189922
11.1096297209049
38.5818643660125
28.8353959496575
25.1103743237736
127.2034865931290
116.9784331939900
46.4854659715458
27.1677082789431
12.0174590974205
39.8499025208554
89.1007940504681
46.5552084063793
131.8362835477090
129.7188157291440
19.9909987873825
148.7450604084380
129.8488710452850
73.0588346843819
38.4816611804147
67.0825039696405
17.7044204369837
104.2232608825140
17.3047985487894
112.8247652373920
100.9357141251990
8.4179105217842
146.6845074904080
131.7302262697340
50.3444760966029
22.6323959313228
117.9053970045090
86.6243023989449
112.2907215419060
79.6793600734868
19.7508368627362
99.0697546367049
81.9897056222585
73.3633725319544
134.6850257473330
128.4961941498930
31.1093546708357
13.2750119107068
100.5884958159580
23.3953774196627
83.2183259090725
94.9645922244674
34.3045361789164
72.6835725217977
49.2801665298843
142.1517384349500
54.6589912310406
126.0189748597950
67.9691551538761
12.8676838462704
134.5174879278320
136.1758207549130
98.5669044738553
148.2893497140360
82.1857945773615
31.9925651920747
110.4656792643080
16.9842687916591
123.7929481209600
153.8560168981640
124.3235370322130
142.6324164647530
119.2481280336400
147.1662530373630
115.3750183634910
130.8213278816670
42.3147566669960
88.4458780895193
32.8935630826345
143.3671191762550
30.1140050968522
62.4481001640386
40.8301091842140
58.6326125085648
44.5467851301746
57.0929986803562
